SUDOKU IN INPUT
 ___ ___ ___ ___ ___ ___ ___ ___ ___
| 0 | 0 | 1 | 2 | 7 | 0 | 0 | 8 | 0 |
| 0 | 9 | 0 | 0 | 0 | 0 | 0 | 7 | 0 |
| 4 | 0 | 0 | 3 | 0 | 8 | 0 | 0 | 0 |
| 0 | 0 | 7 | 0 | 0 | 0 | 0 | 0 | 0 |
| 0 | 5 | 0 | 9 | 0 | 1 | 0 | 0 | 3 |
| 0 | 0 | 0 | 8 | 0 | 0 | 0 | 9 | 1 |
| 0 | 8 | 4 | 0 | 0 | 0 | 0 | 0 | 9 |
| 0 | 0 | 0 | 0 | 0 | 0 | 0 | 6 | 0 |
| 6 | 0 | 0 | 0 | 0 | 0 | 0 | 0 | 2 |

SOLUZIONE\I
----------------------
 ___ ___ ___ ___ ___ ___ ___ ___ ___
| 5 | 6 | 1 | 2 | 7 | 9 | 3 | 8 | 4 |
| 3 | 9 | 8 | 5 | 1 | 4 | 2 | 7 | 6 |
| 4 | 7 | 2 | 3 | 6 | 8 | 9 | 1 | 5 |
| 9 | 1 | 7 | 6 | 3 | 2 | 4 | 5 | 8 |
| 8 | 5 | 6 | 9 | 4 | 1 | 7 | 2 | 3 |
| 2 | 4 | 3 | 8 | 5 | 7 | 6 | 9 | 1 |
| 7 | 8 | 4 | 1 | 2 | 6 | 5 | 3 | 9 |
| 1 | 2 | 5 | 4 | 9 | 3 | 8 | 6 | 7 |
| 6 | 3 | 9 | 7 | 8 | 5 | 1 | 4 | 2 |
COLPI DI CLOCK 2274390
