SUDOKU IN INPUT
 ___ ___ ___ ___ ___ ___ ___ ___ ___ ___ ___ ___ ___ ___ ___ ___
| 11| 0 | 5 | 0 | 0 | 12| 0 | 0 | 13| 0 | 0 | 10| 0 | 0 | 0 | 0 |
| 0 | 13| 0 | 0 | 0 | 0 | 5 | 0 | 1 | 0 | 14| 0 | 2 | 0 | 0 | 0 |
| 0 | 0 | 0 | 9 | 0 | 0 | 0 | 2 | 0 | 5 | 0 | 0 | 14| 0 | 7 | 0 |
| 4 | 0 | 12| 0 | 8 | 0 | 0 | 0 | 0 | 0 | 0 | 16| 0 | 10| 0 | 0 |
| 0 | 9 | 0 | 11| 0 | 0 | 4 | 0 | 3 | 6 | 0 | 0 | 0 | 0 | 0 | 7 |
| 6 | 0 | 8 | 0 | 10| 13| 0 | 16| 0 | 0 | 11| 0 | 15| 0 | 9 | 0 |
| 0 | 3 | 0 | 0 | 0 | 0 | 2 | 0 | 15| 0 | 0 | 0 | 0 | 13| 0 | 1 |
| 16| 0 | 0 | 2 | 0 | 1 | 0 | 5 | 0 | 14| 0 | 8 | 0 | 0 | 0 | 0 |
| 0 | 0 | 16| 0 | 13| 4 | 0 | 0 | 0 | 0 | 0 | 0 | 0 | 0 | 12| 0 |
| 0 | 0 | 10| 3 | 0 | 7 | 0 | 0 | 5 | 0 | 16| 0 | 9 | 0 | 0 | 15|
| 15| 0 | 11| 0 | 1 | 0 | 0 | 9 | 0 | 2 | 0 | 3 | 0 | 4 | 0 | 0 |
| 0 | 0 | 0 | 0 | 0 | 0 | 8 | 0 | 0 | 0 | 4 | 0 | 10| 0 | 0 | 0 |
| 2 | 0 | 4 | 0 | 0 | 0 | 0 | 0 | 0 | 0 | 0 | 12| 0 | 0 | 5 | 0 |
| 0 | 12| 0 | 13| 0 | 0 | 0 | 1 | 0 | 0 | 10| 0 | 0 | 3 | 0 | 8 |
| 8 | 0 | 9 | 0 | 4 | 0 | 3 | 0 | 0 | 7 | 0 | 0 | 11| 0 | 13| 0 |
| 0 | 5 | 0 | 14| 0 | 0 | 0 | 11| 0 | 0 | 1 | 6 | 0 | 0 | 0 | 10|

SOLUZIONE\I
----------------------
 ___ ___ ___ ___ ___ ___ ___ ___ ___ ___ ___ ___ ___ ___ ___ ___
| 11| 2 | 5 | 15| 16| 12| 7 | 14| 13| 3 | 6 | 10| 8 | 9 | 1 | 4 |
| 10| 13| 7 | 8 | 15| 3 | 5 | 4 | 1 | 12| 14| 9 | 2 | 16| 6 | 11|
| 1 | 16| 3 | 9 | 11| 10| 6 | 2 | 4 | 5 | 8 | 15| 14| 12| 7 | 13|
| 4 | 14| 12| 6 | 8 | 9 | 1 | 13| 7 | 11| 2 | 16| 3 | 10| 15| 5 |
| 5 | 9 | 1 | 11| 12| 15| 4 | 8 | 3 | 6 | 13| 2 | 16| 14| 10| 7 |
| 6 | 7 | 8 | 4 | 10| 13| 14| 16| 12| 1 | 11| 5 | 15| 2 | 9 | 3 |
| 12| 3 | 14| 10| 6 | 11| 2 | 7 | 15| 16| 9 | 4 | 5 | 13| 8 | 1 |
| 16| 15| 13| 2 | 3 | 1 | 9 | 5 | 10| 14| 7 | 8 | 6 | 11| 4 | 12|
| 9 | 6 | 16| 5 | 13| 4 | 11| 3 | 14| 10| 15| 1 | 7 | 8 | 12| 2 |
| 14| 4 | 10| 3 | 2 | 7 | 12| 6 | 5 | 8 | 16| 13| 9 | 1 | 11| 15|
| 15| 8 | 11| 7 | 1 | 5 | 10| 9 | 6 | 2 | 12| 3 | 13| 4 | 16| 14|
| 13| 1 | 2 | 12| 14| 16| 8 | 15| 11| 9 | 4 | 7 | 10| 5 | 3 | 6 |
| 2 | 11| 4 | 16| 7 | 14| 15| 10| 8 | 13| 3 | 12| 1 | 6 | 5 | 9 |
| 7 | 12| 6 | 13| 5 | 2 | 16| 1 | 9 | 15| 10| 11| 4 | 3 | 14| 8 |
| 8 | 10| 9 | 1 | 4 | 6 | 3 | 12| 2 | 7 | 5 | 14| 11| 15| 13| 16|
| 3 | 5 | 15| 14| 9 | 8 | 13| 11| 16| 4 | 1 | 6 | 12| 7 | 2 | 10|
PARALLEL
COLPI DI CLOCK: 48525098
TEMPO IMPIEGATO: 48.525098s
