SUDOKU IN INPUT
 ___ ___ ___ ___ ___ ___ ___ ___ ___
| 0 | 0 | 4 | 5 | 0 | 0 | 2 | 1 | 0 |
| 8 | 0 | 7 | 0 | 0 | 1 | 0 | 0 | 0 |
| 0 | 0 | 0 | 7 | 0 | 0 | 0 | 0 | 0 |
| 0 | 1 | 0 | 0 | 0 | 0 | 8 | 0 | 0 |
| 2 | 0 | 0 | 0 | 1 | 0 | 0 | 0 | 0 |
| 0 | 0 | 0 | 0 | 4 | 0 | 0 | 9 | 6 |
| 0 | 6 | 0 | 0 | 0 | 0 | 3 | 0 | 8 |
| 0 | 5 | 0 | 6 | 0 | 2 | 0 | 0 | 0 |
| 0 | 0 | 0 | 9 | 0 | 0 | 0 | 0 | 5 |

SOLUZIONE\I
----------------------
 ___ ___ ___ ___ ___ ___ ___ ___ ___
| 6 | 3 | 4 | 5 | 9 | 8 | 2 | 1 | 7 |
| 8 | 2 | 7 | 4 | 6 | 1 | 5 | 3 | 9 |
| 5 | 9 | 1 | 7 | 2 | 3 | 6 | 8 | 4 |
| 9 | 1 | 5 | 3 | 7 | 6 | 8 | 4 | 2 |
| 2 | 4 | 6 | 8 | 1 | 9 | 7 | 5 | 3 |
| 3 | 7 | 8 | 2 | 4 | 5 | 1 | 9 | 6 |
| 7 | 6 | 9 | 1 | 5 | 4 | 3 | 2 | 8 |
| 4 | 5 | 3 | 6 | 8 | 2 | 9 | 7 | 1 |
| 1 | 8 | 2 | 9 | 3 | 7 | 4 | 6 | 5 |
PARALLEL
COLPI DI CLOCK: 22364
TEMPO IMPIEGATO: 0.022364s
