SUDOKU IN INPUT
 ___ ___ ___ ___ ___ ___ ___ ___ ___ ___ ___ ___ ___ ___ ___ ___
| 0 | 3 | 0 | 7 | 0 | 0 | 0 | 0 | 14| 0 | 15| 0 | 2 | 4 | 16| 11|
| 0 | 16| 0 | 0 | 0 | 0 | 8 | 12| 0 | 10| 5 | 0 | 9 | 0 | 0 | 7 |
| 5 | 0 | 12| 0 | 7 | 0 | 0 | 0 | 4 | 6 | 0 | 0 | 10| 13| 0 | 0 |
| 0 | 0 | 0 | 4 | 1 | 0 | 15| 14| 11| 16| 0 | 0 | 5 | 0 | 12| 8 |
| 0 | 0 | 0 | 12| 0 | 13| 0 | 0 | 2 | 4 | 0 | 5 | 0 | 0 | 8 | 0 |
| 4 | 0 | 11| 0 | 0 | 0 | 0 | 0 | 0 | 0 | 7 | 0 | 12| 6 | 9 | 0 |
| 10| 0 | 0 | 0 | 4 | 0 | 0 | 0 | 6 | 0 | 8 | 0 | 0 | 11| 0 | 5 |
| 0 | 0 | 0 | 0 | 0 | 0 | 0 | 6 | 1 | 13| 0 | 0 | 0 | 7 | 0 | 0 |
| 0 | 0 | 14| 0 | 0 | 0 | 2 | 13| 7 | 0 | 0 | 0 | 0 | 0 | 0 | 0 |
| 11| 0 | 5 | 0 | 0 | 3 | 0 | 1 | 0 | 0 | 0 | 14| 0 | 0 | 0 | 10|
| 0 | 13| 9 | 8 | 0 | 6 | 0 | 0 | 0 | 0 | 0 | 0 | 0 | 2 | 0 | 12|
| 0 | 4 | 0 | 0 | 11| 0 | 14| 15| 0 | 0 | 9 | 0 | 6 | 0 | 0 | 0 |
| 6 | 14| 0 | 5 | 0 | 0 | 1 | 11| 12| 7 | 0 | 8 | 13| 0 | 0 | 0 |
| 0 | 0 | 7 | 10| 3 | 0 | 13| 4 | 0 | 0 | 0 | 2 | 0 | 5 | 0 | 6 |
| 3 | 0 | 0 | 2 | 0 | 15| 5 | 0 | 16| 11| 0 | 0 | 0 | 0 | 1 | 0 |
| 1 | 11| 4 | 13| 0 | 7 | 0 | 8 | 0 | 0 | 0 | 0 | 16| 0 | 10| 0 |

SOLUZIONE\I
----------------------
 ___ ___ ___ ___ ___ ___ ___ ___ ___ ___ ___ ___ ___ ___ ___ ___
| 13| 3 | 1 | 7 | 5 | 10| 6 | 9 | 14| 8 | 15| 12| 2 | 4 | 16| 11|
| 2 | 16| 15| 11| 13| 4 | 8 | 12| 3 | 10| 5 | 1 | 9 | 14| 6 | 7 |
| 5 | 8 | 12| 14| 7 | 11| 3 | 16| 4 | 6 | 2 | 9 | 10| 13| 15| 1 |
| 9 | 6 | 10| 4 | 1 | 2 | 15| 14| 11| 16| 13| 7 | 5 | 3 | 12| 8 |
| 14| 7 | 6 | 12| 15| 13| 9 | 3 | 2 | 4 | 11| 5 | 1 | 10| 8 | 16|
| 4 | 2 | 11| 15| 8 | 1 | 16| 5 | 10| 14| 7 | 3 | 12| 6 | 9 | 13|
| 10| 1 | 13| 16| 4 | 12| 7 | 2 | 6 | 9 | 8 | 15| 3 | 11| 14| 5 |
| 8 | 5 | 3 | 9 | 10| 14| 11| 6 | 1 | 13| 12| 16| 4 | 7 | 2 | 15|
| 16| 10| 14| 3 | 12| 8 | 2 | 13| 7 | 15| 6 | 4 | 11| 1 | 5 | 9 |
| 11| 12| 5 | 6 | 9 | 3 | 4 | 1 | 13| 2 | 16| 14| 15| 8 | 7 | 10|
| 15| 13| 9 | 8 | 16| 6 | 10| 7 | 5 | 3 | 1 | 11| 14| 2 | 4 | 12|
| 7 | 4 | 2 | 1 | 11| 5 | 14| 15| 8 | 12| 9 | 10| 6 | 16| 13| 3 |
| 6 | 14| 16| 5 | 2 | 9 | 1 | 11| 12| 7 | 10| 8 | 13| 15| 3 | 4 |
| 12| 15| 7 | 10| 3 | 16| 13| 4 | 9 | 1 | 14| 2 | 8 | 5 | 11| 6 |
| 3 | 9 | 8 | 2 | 6 | 15| 5 | 10| 16| 11| 4 | 13| 7 | 12| 1 | 14|
| 1 | 11| 4 | 13| 14| 7 | 12| 8 | 15| 5 | 3 | 6 | 16| 9 | 10| 2 |
SERIAL
COLPI DI CLOCK: 926159
TEMPO IMPIEGATO: 0.926159s
