SUDOKU IN INPUT
 ___ ___ ___ ___ ___ ___ ___ ___ ___ ___ ___ ___ ___ ___ ___ ___
| 0 | 6 | 0 | 0 | 0 | 0 | 0 | 8 | 11| 0 | 0 | 15| 14| 0 | 0 | 16|
| 15| 11| 0 | 0 | 0 | 16| 14| 0 | 0 | 0 | 12| 0 | 0 | 6 | 0 | 0 |
| 13| 0 | 9 | 12| 0 | 0 | 0 | 0 | 3 | 16| 14| 0 | 15| 11| 10| 0 |
| 2 | 0 | 16| 0 | 11| 0 | 15| 10| 1 | 0 | 0 | 0 | 0 | 0 | 0 | 0 |
| 0 | 15| 11| 10| 0 | 0 | 16| 2 | 13| 8 | 9 | 12| 0 | 0 | 0 | 0 |
| 12| 13| 0 | 0 | 4 | 1 | 5 | 6 | 2 | 3 | 0 | 0 | 0 | 0 | 11| 10|
| 5 | 0 | 6 | 1 | 12| 0 | 9 | 0 | 15| 11| 10| 7 | 16| 0 | 0 | 3 |
| 0 | 2 | 0 | 0 | 0 | 10| 0 | 11| 6 | 0 | 5 | 0 | 0 | 13| 0 | 9 |
| 10| 7 | 15| 11| 16| 0 | 0 | 0 | 12| 13| 0 | 0 | 0 | 0 | 0 | 6 |
| 9 | 0 | 0 | 0 | 0 | 0 | 1 | 0 | 0 | 2 | 0 | 16| 10| 0 | 0 | 11|
| 1 | 0 | 4 | 6 | 9 | 13| 0 | 0 | 7 | 0 | 11| 0 | 3 | 16| 0 | 0 |
| 16| 14| 0 | 0 | 7 | 0 | 10| 15| 4 | 6 | 1 | 0 | 0 | 0 | 13| 8 |
| 11| 10| 0 | 15| 0 | 0 | 0 | 16| 9 | 12| 13| 0 | 0 | 1 | 5 | 4 |
| 0 | 0 | 12| 0 | 1 | 4 | 6 | 0 | 16| 0 | 0 | 0 | 11| 10| 0 | 0 |
| 0 | 0 | 5 | 0 | 8 | 12| 13| 0 | 10| 0 | 0 | 11| 2 | 0 | 0 | 14|
| 3 | 16| 0 | 0 | 10| 0 | 0 | 7 | 0 | 0 | 6 | 0 | 0 | 0 | 12| 0 |

SOLUZIONE\I
----------------------
 ___ ___ ___ ___ ___ ___ ___ ___ ___ ___ ___ ___ ___ ___ ___ ___
| 4 | 6 | 1 | 3 | 13| 7 | 12| 8 | 11| 10| 2 | 15| 14| 5 | 9 | 16|
| 15| 11| 10| 7 | 5 | 16| 14| 3 | 8 | 9 | 12| 13| 4 | 6 | 2 | 1 |
| 13| 8 | 9 | 12| 2 | 6 | 4 | 1 | 3 | 16| 14| 5 | 15| 11| 10| 7 |
| 2 | 5 | 16| 14| 11| 9 | 15| 10| 1 | 7 | 4 | 6 | 13| 8 | 3 | 12|
| 7 | 15| 11| 10| 3 | 14| 16| 2 | 13| 8 | 9 | 12| 1 | 4 | 6 | 5 |
| 12| 13| 8 | 9 | 4 | 1 | 5 | 6 | 2 | 3 | 16| 14| 7 | 15| 11| 10|
| 5 | 4 | 6 | 1 | 12| 8 | 9 | 13| 15| 11| 10| 7 | 16| 2 | 14| 3 |
| 14| 2 | 3 | 16| 15| 10| 7 | 11| 6 | 1 | 5 | 4 | 12| 13| 8 | 9 |
| 10| 7 | 15| 11| 16| 2 | 3 | 4 | 12| 13| 8 | 9 | 5 | 14| 1 | 6 |
| 9 | 3 | 13| 8 | 6 | 5 | 1 | 12| 14| 2 | 15| 16| 10| 7 | 4 | 11|
| 1 | 12| 4 | 6 | 9 | 13| 8 | 14| 7 | 5 | 11| 10| 3 | 16| 15| 2 |
| 16| 14| 2 | 5 | 7 | 11| 10| 15| 4 | 6 | 1 | 3 | 9 | 12| 13| 8 |
| 11| 10| 7 | 15| 14| 3 | 2 | 16| 9 | 12| 13| 8 | 6 | 1 | 5 | 4 |
| 8 | 9 | 12| 13| 1 | 4 | 6 | 5 | 16| 14| 3 | 2 | 11| 10| 7 | 15|
| 6 | 1 | 5 | 4 | 8 | 12| 13| 9 | 10| 15| 7 | 11| 2 | 3 | 16| 14|
| 3 | 16| 14| 2 | 10| 15| 11| 7 | 5 | 4 | 6 | 1 | 8 | 9 | 12| 13|
SERIAL
COLPI DI CLOCK: 165343
TEMPO IMPIEGATO: 0.165343s
